0 0.36762536873156343 0.5919452887537994 0.3860619469026549 0.6041033434650456 0.3974926253687316 0.5987841945288754 0.4000737463126844 0.581306990881459 0.38974926253687314 0.3981762917933131 0.3665191740412979 0.4004559270516717 0.36836283185840707 0.4848024316109423 0.3661504424778761 0.5258358662613982
0 0.3193215339233038 0.5911854103343465 0.334070796460177 0.6132218844984803 0.362094395280236 0.6048632218844985 0.3702064896755162 0.5987841945288754 0.36762536873156343 0.5645896656534954 0.362094395280236 0.5015197568389058 0.362094395280236 0.4521276595744681 0.34550147492625366 0.3548632218844985 0.30973451327433627 0.385258358662614 0.3174778761061947 0.47416413373860183 0.32632743362831856 0.5243161094224924 0.3226401179941003 0.5395136778115501
0 0.637905604719764 0.5911854103343465 0.6353244837758112 0.5592705167173252 0.6423303834808259 0.513677811550152 0.6449115044247787 0.34574468085106386 0.6685103244837758 0.3533434650455927 0.661504424778761 0.46656534954407297 0.6618731563421829 0.5387537993920972 0.6662979351032449 0.5577507598784195 0.6592920353982301 0.5911854103343465 0.648598820058997 0.5949848024316109
1 0.6696165191740413 0.6208206686930091 0.661504424778761 0.6041033434650456 0.6637168141592921 0.5554711246200608 0.6670353982300885 0.5197568389057751 0.6662979351032449 0.4688449848024316 0.6740412979351033 0.3586626139817629 0.7046460176991151 0.36322188449848025 0.7002212389380531 0.46656534954407297 0.6957964601769911 0.5189969604863222 0.700589970501475 0.5645896656534954 0.6987463126843658 0.5972644376899696 0.6891592920353983 0.6048632218844985 0.6803097345132744 0.6147416413373861
2 0.7496312684365781 0.5227963525835866 0.7341445427728613 0.4969604863221885 0.7374631268436578 0.4612462006079027 0.7444690265486725 0.31762917933130697 0.7699115044247787 0.31458966565349544 0.7673303834808259 0.385258358662614 0.7761799410029498 0.4513677811550152 0.7798672566371682 0.48404255319148937 0.7621681415929203 0.5182370820668692
0 0.5918141592920354 0.6238601823708206 0.6050884955752213 0.6086626139817629 0.6202064896755162 0.6231003039513677 0.6183628318584071 0.6854103343465046 0.6080383480825958 0.8898176291793313 0.5936578171091446 0.8852583586626139 0.5936578171091446 0.6793313069908815
0 0.6139380530973452 0.628419452887538 0.6227876106194691 0.6155015197568389 0.6342182890855457 0.6086626139817629 0.6456489675516224 0.6231003039513677 0.6438053097345132 0.6732522796352584 0.6607669616519174 0.8761398176291794 0.6386430678466076 0.8814589665653495 0.633480825958702 0.8001519756838906 0.6191002949852508 0.6793313069908815
0 0.4133480825958702 0.7180851063829787 0.40744837758112096 0.6405775075987842 0.4251474926253687 0.6223404255319149 0.4387905604719764 0.6352583586626139 0.44026548672566373 0.6838905775075987 0.44579646017699115 0.7811550151975684 0.44026548672566373 0.8951367781155015 0.42109144542772864 0.8814589665653495 0.4174041297935103 0.7895136778115501
1 0.3853244837758112 0.668693009118541 0.3915929203539823 0.6679331306990881 0.40486725663716816 0.6519756838905775 0.41629793510324486 0.6572948328267477 0.4111356932153392 0.6990881458966566 0.4059734513274336 0.8852583586626139 0.3812684365781711 0.8799392097264438 0.38569321533923306 0.75
0 0.34107669616519176 0.7082066869300911 0.34107669616519176 0.6899696048632219 0.33702064896755163 0.6527355623100304 0.34033923303834807 0.6238601823708206 0.35176991150442477 0.6253799392097265 0.372787610619469 0.6200607902735562 0.3967551622418879 0.6200607902735562 0.3993362831858407 0.64209726443769 0.39896755162241887 0.6413373860182371 0.39306784660766964 0.6884498480243161 0.39048672566371684 0.7180851063829787 0.3860619469026549 0.7917933130699089 0.36246312684365783 0.8753799392097265 0.32964601769911506 0.8533434650455927 0.3333333333333333 0.7864741641337386
0 0.27728613569321536 0.7127659574468085 0.28650442477876104 0.6694528875379939 0.2924041297935103 0.6306990881458967 0.3001474926253687 0.60790273556231 0.3215339233038348 0.6071428571428571 0.3230088495575221 0.6185410334346505 0.34255162241887904 0.6306990881458967 0.34771386430678464 0.6527355623100304 0.3325958702064897 0.71580547112462 0.3163716814159292 0.7849544072948328 0.29314159292035397 0.8389057750759878 0.2636430678466077 0.8229483282674772 0.2713864306784661 0.7553191489361702
0 0.21902654867256638 0.7332826747720365 0.23045722713864306 0.6709726443768997 0.23930678466076696 0.6170212765957447 0.25184365781710916 0.5600303951367781 0.2728613569321534 0.5949848024316109 0.29277286135693215 0.6094224924012158 0.29572271386430676 0.6329787234042553 0.27986725663716816 0.6808510638297872 0.2525811209439528 0.7492401215805471 0.22713864306784662 0.7788753799392097 0.2142330383480826 0.7583586626139818